2,11
2,10
2,9
2,8
2,6
2,5
2,4
2,2
2,0
1,2
1,0
0,510
0,509
0,508
0,507
0,505
0,503
0,502
0,500
0,499
0,498
0,496
0,493
0,492
0,491
0,490
0,489
2,18
0,484
4,1
0,482
0,480
4,3
0,472
0,470
0,467
0,466
0,465
0,464
0,463
0,462
0,461
0,460
0,459
0,457
0,454
0,449
0,446
0,443
0,439
0,429
0,428
0,408
0,393
0,391
0,389
0,382
0,380
0,379
0,378
8,6
0,375
8,11
0,371
8,1
0,370
8,8
0,369
10,1
0,366
0,359
10,3
2,1
9,1
0,356
8,3
0,355
2,7
9,5
0,354
0,435
0,350
0,436
0,348
0,387
0,347
0,344
9,3
0,341
0,338
0,390
0,326
1,1
0,325
0,322
1,3
0,321
0,243
2,3
0,0
0,9
0,310
0,305
0,473
0,453
0,308
0,437
0,304
0,396
0,303
0,302
0,307
0,388
0,12
0,438
0,10
0,8
0,474
0,300
0,312
0,299
0,343
0,298
0,447
0,297
0,458
0,296
0,374
0,295
0,456
0,294
0,506
0,293
0,471
0,292
0,392
0,291
0,340
0,290
0,469
0,289
0,365
0,288
0,339
0,287
0,455
0,286
0,364
0,285
0,335
0,284
0,451
0,283
0,363
0,282
0,362
0,281
0,334
0,280
0,486
0,279
0,431
0,278
0,309
0,277
0,333
0,276
0,430
0,275
0,360
0,274
0,331
0,273
2,12
2,13
2,15
2,16
2,19
2,20
2,22
2,24
2,25
2,27
2,28
2,30
3,1
3,2
3,4
3,5
4,0
4,2
5,1
5,3
6,0
6,2
6,3
6,5
7,0
7,1
7,3
8,0
8,4
8,5
8,9
9,0
9,2
9,6
9,7
10,0
10,4
11,0
11,2
11,3
12,0
12,1
12,3
15,1
15,2
15,4
15,5
16,1
16,3
16,4
17,1
17,2
18,0
18,2
18,3
19,1
19,2
22,0
22,1
22,3
22,5
23,0
23,2
23,3
24,1
24,3
25,0
25,2
25,3
26,1
26,2
28,0
28,2
28,3
32,0
32,1
32,3
36,0
36,1
36,3
36,4
36,6
38,0
38,2
38,4
44,0
44,2
44,3
44,5
44,7
44,8
49,1
49,2
49,4
49,6
49,7
58,0
58,1
58,3
58,4
58,6
58,8
58,9
58,11
59,0
59,2
66,0
66,1
66,3
66,4
66,6
66,7
66,9
72,1
72,2
72,4
72,5
72,7
73,0
73,1
73,3
74,0
74,2
74,3
84,1
84,3
84,4
84,6
84,7
84,9
84,11
84,12
85,1
85,2
88,0
88,1
88,3
88,5
89,0
89,2
89,3
90,1
90,3
91,0
91,2
91,3
92,1
92,3
95,0
95,2
95,3
96,1
96,2
97,0
97,2
97,3
98,1
98,2
113,0
113,2
113,3
113,5
113,6
113,8
113,9
113,11
113,13
113,14
113,16
113,17
114,1
114,3
118,0
118,2
118,3
118,5
118,6
119,1
119,3
120,0
120,2
120,3
121,1
121,3
122,0
122,2
122,3
127,1
127,3
127,4
127,6
127,7
130,1
130,2
130,4
131,0
131,1
131,3
132,0
132,2
133,0
133,1
133,3
134,0
134,2
134,3
135,1
135,3
141,0
141,2
141,3
141,5
141,7
141,8
145,1
145,2
146,0
146,1
146,3
167,1
167,2
167,4
167,5
167,7
167,9
167,10
167,12
167,13
167,15
167,16
167,18
167,20
167,21
167,23
173,0
173,2
173,4
173,5
173,7
173,8
188,1
188,3
188,4
188,6
188,7
201,0
201,1
201,3
201,5
201,6
201,8
201,9
201,11
201,13
201,14
219,0
219,1
219,3
219,4
221,1
221,3
221,4
221,6
224,0
224,2
224,4
224,5
224,7
225,0
225,2
225,3
225,5
225,7
225,8
225,10
225,11
228,0
228,2
228,3
228,5
246,0
246,2
246,4
246,5
246,7
246,8
246,10
246,11
246,13
246,15
246,16
246,18
246,19
257,0
257,2
257,3
257,5
261,0
261,2
261,3
261,5
273,0
273,1
273,3
273,4
273,6
273,8
273,9
273,11
273,12
273,14
289,0
289,2
289,4
289,5
289,7
289,8
289,10
290,1
290,2
290,4
290,5
290,7
290,9
290,10
290,12
290,13
290,15
290,16
291,0
291,2
291,3
291,5
291,6
291,8
291,10
291,11
305,1
305,2
305,4
305,5
305,7
305,9
305,10
305,12
305,13
305,15
305,17
327,0
327,2
327,3
327,5
327,6
327,8
327,10
327,11
327,13
327,14
327,16
327,18
327,19
327,21
327,22
327,24
338,0
338,2
338,4
338,5
338,7
338,8
349,1
349,3
349,4
349,6
349,7
349,9
349,11
349,12
365,0
365,1
365,3
365,4
368,0
368,2
368,3
368,5
368,6
368,8
368,10
368,11
368,13
368,14
368,16
368,17
368,19
370,0
370,1
370,3
370,4
371,1
371,3
371,4
371,6
371,7
371,9
371,10
371,12
371,14
372,0
372,2
372,3
373,0
373,2
373,3
373,1
372,4
372,1
371,13
371,11
371,8
371,5
371,2
371,0
370,2
368,20
368,18
368,15
368,12
368,9
368,7
368,4
368,1
365,5
365,2
349,13
349,10
349,8
349,5
349,2
349,0
338,6
338,3
338,1
327,23
327,20
327,17
327,15
327,12
327,9
327,7
327,4
327,1
305,16
305,14
305,11
305,8
305,6
305,3
305,0
291,9
291,7
291,4
291,1
290,17
290,14
290,11
290,8
290,6
290,3
290,0
289,9
289,6
289,3
289,1
273,13
273,10
273,7
273,5
273,2
261,6
261,4
261,1
257,4
257,1
246,20
246,17
246,14
246,12
246,9
246,6
246,3
246,1
228,4
228,1
225,12
225,9
225,6
225,4
225,1
224,6
224,3
224,1
221,5
221,2
221,0
219,2
201,15
201,12
201,10
201,7
201,4
201,2
188,8
188,5
188,2
188,0
173,6
173,3
173,1
167,22
167,19
167,17
167,14
167,11
167,8
167,6
167,3
167,0
146,2
145,3
145,0
141,6
141,4
141,1
135,2
135,0
134,1
133,2
132,3
132,1
131,2
130,5
130,3
130,0
127,5
127,2
127,0
122,1
121,2
121,0
120,1
119,2
119,0
118,4
118,1
114,2
114,0
113,15
113,12
113,10
113,7
113,4
113,1
98,3
98,0
97,1
96,3
96,0
95,1
92,2
92,0
91,1
90,2
90,0
89,1
88,4
88,2
85,3
85,0
84,10
84,8
84,5
84,2
84,0
74,1
73,2
72,8
72,6
72,3
72,0
66,8
66,5
66,2
59,3
59,1
58,10
58,7
58,5
58,2
49,8
49,5
49,3
49,0
44,6
44,4
44,1
38,3
38,1
36,5
36,2
32,4
32,2
28,4
28,1
26,3
26,0
25,1
24,2
24,0
23,1
22,4
22,2
19,3
19,0
18,1
17,3
17,0
16,2
16,0
15,3
15,0
12,2
11,4
11,1
10,2
9,8
9,4
8,10
8,7
8,2
7,2
6,6
6,4
6,1
5,2
5,0
3,6
3,3
3,0
2,29
2,26
2,23
2,21
2,17
2,14
0,427
0,272
0,351
0,271
0,330
0,270
0,504
0,269
0,440
0,268
0,357
0,267
0,317
0,266
0,352
0,265
0,442
0,264
0,445
0,263
0,468
0,262
0,414
0,261
0,337
0,260
0,329
0,259
0,413
0,258
0,336
0,257
0,328
0,256
0,327
0,255
0,332
0,254
0,315
0,253
0,412
0,252
0,434
0,251
0,411
0,250
0,402
0,249
0,410
0,248
0,426
0,247
0,324
0,246
0,318
0,245
0,409
0,244
0,323
0,242
0,316
0,241
0,497
0,240
0,306
0,239
0,342
0,238
0,444
0,237
0,495
0,236
0,407
0,235
0,401
0,234
0,406
0,233
0,405
0,232
0,450
0,231
0,320
0,230
0,404
0,229
0,448
0,228
0,501
0,227
0,487
0,226
0,425
0,225
0,479
0,224
0,311
0,223
0,424
0,222
0,400
0,221
0,397
0,220
0,403
0,219
0,399
0,218
0,376
0,217
0,301
0,216
0,395
0,215
0,373
0,214
0,494
0,213
0,441
0,212
0,372
0,211
0,478
0,210
0,314
0,209
0,381
0,208
0,394
0,207
0,423
0,206
0,385
0,205
0,386
0,204
0,422
0,203
0,488
0,202
0,384
0,201
0,421
0,200
0,485
0,199
0,313
0,198
0,368
0,197
0,420
0,196
0,319
0,195
0,433
0,194
0,419
0,193
0,477
0,192
0,383
0,63
0,418
0,62
0,367
0,61
0,483
0,60
0,432
0,59
0,361
0,58
0,417
0,57
0,416
0,56
0,358
0,55
0,476
0,54
0,415
0,53
0,377
0,52
0,353
0,51
0,511
0,50
0,481
0,49
0,398
0,48
0,349
0,47
0,475
0,46
0,346
0,45
0,345
0,6
0,5
0,1
0,452
0,11
0,4
0,2
0,3
0,7
